[?25l[0m               [7m[38;2;107;107;107m▀[0m      [38;2;224;224;224m▐[7m[38;2;185;185;185m▀[0m                          [0m
              [38;2;134;134;134m▕[38;2;217;217;217;48;2;252;252;252m▔[0m[7m[38;2;227;227;227m▜[0m     [7m[38;2;209;209;209m▙[0m[38;2;254;254;254;48;2;229;229;229m▜[38;2;246;246;246;48;2;125;125;125m▙[0m[7m[38;2;221;221;221m▀[0m                        [0m
              [38;2;253;253;253m▕[38;2;254;254;254;48;2;254;254;254m▔[38;2;249;249;249m▔[0m[38;2;200;200;200m▙[0m  [38;2;65;25;10m▕[38;2;185;73;42;48;2;76;29;16m▙[0m[7m[38;2;111;42;24m▜[38;2;231;232;232m▙[0m[38;2;253;254;254;48;2;216;220;221m▜[38;2;254;254;254;48;2;254;254;254m▔[38;2;231;231;231m▔[0m[7m[38;2;210;210;210m▔[38;2;161;161;161m▀[0m                     [0m
              [38;2;78;78;77m▕[38;2;254;254;254;48;2;209;209;208m▜[48;2;254;254;254m▔▔[38;2;253;253;253;48;2;172;172;172m▙[0m[7m[38;2;207;207;207m▀[0m [38;2;183;70;41;48;2;143;55;31m▜[38;2;168;65;37;48;2;187;73;42m▔[0m[7m[38;2;189;76;44m▀[0m[38;2;81;55;48;48;2;211;218;221m▙[38;2;251;252;252;48;2;213;222;227m▜[38;2;254;254;254;48;2;254;254;254m▔[38;2;234;229;214;48;2;221;205;144m▀[38;2;254;254;254;48;2;235;233;228m▜[0m[38;2;224;224;224m▙[0m                    [0m
               [38;2;222;222;222m▐[38;2;254;254;254;48;2;254;254;254m▔▔[38;2;220;199;131;48;2;239;236;228m▐[38;2;237;230;207;48;2;240;211;109m▀[38;2;135;137;139;48;2;233;231;220m▔[38;2;163;76;52;48;2;211;211;212m▜[38;2;186;72;42;48;2;186;71;41m▀[38;2;186;71;41;48;2;192;76;44m▙[38;2;188;73;43;48;2;197;82;48m▞[38;2;187;86;58;48;2;191;170;167m▙[38;2;248;249;250;48;2;193;128;112m▀[38;2;228;207;133;48;2;236;236;236m▜[38;2;226;207;136;48;2;238;236;232m▙[38;2;254;254;254;48;2;254;254;254m▔[0m[7m[38;2;146;144;143m▐[0m                   [0m
                [38;2;210;210;210m▜[38;2;254;254;254;48;2;253;253;253m▜[38;2;250;250;250;48;2;254;254;254m▔[38;2;231;205;124;48;2;244;241;232m▀[38;2;227;211;146;48;2;238;207;104m▔[38;2;215;176;116;48;2;229;224;209m▞[38;2;185;71;41;48;2;180;109;90m▜[38;2;187;72;42;48;2;185;71;41m▕[48;2;191;75;43m▛[38;2;194;79;46;48;2;191;107;54m▛[38;2;197;86;49;48;2;188;72;42m▙[38;2;201;176;153;48;2;186;93;69m▐[38;2;229;200;101;48;2;223;213;180m▜[38;2;248;248;248;48;2;238;238;238m▟[0m[38;2;117;116;116m▙[0m                   [0m
                 [38;2;168;168;168m▟[38;2;241;243;243;48;2;188;189;190m▜[38;2;249;249;249;48;2;240;240;240m▜[38;2;229;217;181;48;2;250;249;249m▔[38;2;226;209;156;48;2;250;251;251m▀[38;2;202;210;214;48;2;171;92;71m▙[38;2;185;71;41;48;2;171;114;101m▜[38;2;189;73;42;48;2;186;71;41m▔[38;2;185;71;41;48;2;192;122;59m▙[38;2;209;169;80;48;2;190;76;45m▙[38;2;243;239;225;48;2;175;81;55m▕[38;2;242;238;229;48;2;228;203;123m▜[38;2;248;248;248;48;2;211;210;210m▙[38;2;240;240;240;48;2;102;102;102m▛[0m                   [0m
           [38;2;91;96;99m▕[7m[38;2;148;158;162m▔[38;2;162;174;176m▀[38;2;140;150;154m▀[38;2;178;190;196m▀[38;2;195;208;215m▀[0m[38;2;182;192;197;48;2;79;83;86m▟[38;2;249;249;249;48;2;180;188;192m▀[38;2;248;249;249;48;2;215;217;218m▜[38;2;234;234;234;48;2;245;245;245m▔[38;2;251;251;251;48;2;219;220;221m▛[38;2;221;212;185;48;2;149;157;167m▀[38;2;217;212;193;48;2;199;164;95m▙[38;2;194;115;57;48;2;213;180;121m▛[38;2;177;81;46;48;2;225;192;109m▀[38;2;238;210;105;48;2;203;162;74m▐[38;2;218;191;100;48;2;172;120;80m▞[38;2;121;136;148;48;2;199;180;158m▐[38;2;245;244;244;48;2;199;203;206m▟[38;2;131;131;131;48;2;250;250;250m▀[0m[7m[38;2;138;138;138m▐[0m                  [0m
                [38;2;106;113;116m▔[38;2;185;195;199m▔[38;2;149;149;149m▀[38;2;233;233;233m▀[38;2;221;226;228;48;2;143;154;158m▜[38;2;234;235;235;48;2;172;186;193m▀[38;2;215;218;222;48;2;83;96;110m▀[38;2;163;169;176;48;2;87;105;123m▟[38;2;180;130;117;48;2;219;222;224m▀[38;2;237;227;227;48;2;197;160;161m▛[38;2;215;198;194;48;2;130;101;104m▀[38;2;220;207;202;48;2;95;107;122m▀[38;2;136;146;155;48;2;24;59;91m▀[0m[38;2;254;254;254m▔[38;2;150;150;150m▔[0m                   [0m
                   [38;2;152;152;152m▕[38;2;110;112;111;48;2;252;252;252m▀[38;2;139;147;150;48;2;239;239;239m▀[0m[38;2;73;93;114m▀[38;2;29;46;67;48;2;83;94;104m▜[38;2;145;158;164;48;2;75;91;106m▀[38;2;131;132;138;48;2;23;42;66m▀[38;2;86;101;120;48;2;254;254;254m▛[38;2;19;46;77;48;2;226;228;230m▔[38;2;98;115;134;48;2;254;254;254m▜[0m[38;2;16;47;72m▛[0m [7m[38;2;111;44;28m▀[38;2;142;58;35m▔[0m[38;2;0;0;0;48;2;188;80;50m▔[48;2;182;77;48m▔[0m[7m[38;2;168;72;45m▔[38;2;166;76;48m▀[0m             [0m
                    [38;2;227;227;227m▔[38;2;214;214;214m▀[7m[38;2;202;202;202m▔[0m[38;2;129;137;140;48;2;254;254;254m▀[38;2;56;73;90;48;2;236;237;238m▀[38;2;103;115;127;48;2;228;231;232m▀[38;2;250;250;249;48;2;254;254;254m▔[38;2;254;254;254m▔[0m[38;2;205;205;205m▛[0m [38;2;109;47;36m▐[38;2;183;70;42;48;2;174;68;42m▜[38;2;185;71;43;48;2;163;61;34m▙[38;2;184;70;41;48;2;179;68;39m▜[38;2;185;71;41;48;2;186;72;42m▛[38;2;172;65;38;48;2;185;71;41m▔[38;2;200;87;53;48;2;187;74;44m▐[0m[7m[38;2;124;55;33m▐[0m            [0m
                    [38;2;83;90;93m▐[38;2;165;179;185;48;2;148;161;165m▜[38;2;160;170;175;48;2;171;185;191m▔[38;2;212;215;217;48;2;95;111;125m▀[38;2;254;254;254;48;2;166;173;180m▀[48;2;236;236;236m▀[48;2;239;239;239m▀[38;2;217;218;218;48;2;68;84;97m▛[0m   [38;2;124;50;34m▀[38;2;185;70;41;48;2;125;54;40m▀[38;2;185;71;41;48;2;119;58;54m▀[38;2;186;72;42;48;2;83;54;62m▀[38;2;184;71;42;48;2;35;48;75m▀[38;2;134;65;54;48;2;63;80;83m▀[0m[7m[38;2;52;71;92m▐[0m            [0m
                     [7m[38;2;108;119;119m▙[0m[38;2;151;115;109;48;2;93;67;63m▜[38;2;37;40;61;48;2;167;66;43m▔[38;2;87;54;59;48;2;185;71;41m▀[38;2;99;112;127;48;2;159;66;46m▔[38;2;212;213;214;48;2;159;70;48m▔[38;2;64;54;66;48;2;217;170;75m▀[38;2;86;59;34;48;2;245;208;90m▀[0m[7m[38;2;245;208;90m▀[38;2;245;209;91m▀[38;2;206;185;106m▀[38;2;13;28;48m▙[0m[38;2;107;106;73;48;2;16;41;70m▕[38;2;18;47;81;48;2;203;176;85m▔[38;2;20;48;80;48;2;48;65;75m▜[38;2;213;187;94;48;2;61;75;79m▀[38;2;5;15;23;48;2;84;99;90m▐[0m            [0m
                      [38;2;209;148;68;48;2;123;57;33m▐[38;2;182;84;45;48;2;211;159;75m▀[38;2;184;82;45;48;2;241;206;93m▀[38;2;183;72;41;48;2;206;155;69m▜[38;2;178;68;39;48;2;185;70;41m▕[38;2;225;187;81;48;2;157;76;44m▜[38;2;245;209;92;48;2;245;208;90m▔[38;2;201;175;84;48;2;63;76;78m▀[38;2;183;163;84;48;2;19;48;81m▀[38;2;166;150;84m▀[0m[38;2;47;58;61m▙[38;2;14;26;44m▟[38;2;18;47;80;48;2;18;38;64m▜[38;2;47;64;75;48;2;18;47;81m▕[38;2;19;48;81;48;2;158;146;89m▀[0m[7m[38;2;25;51;75m▕[0m            [0m
                       [38;2;145;57;35m▀[38;2;181;86;46m▀[38;2;183;69;41;48;2;130;56;42m▀[38;2;181;69;41;48;2;125;54;42m▀[38;2;211;176;83;48;2;138;76;46m▐[38;2;239;203;91;48;2;198;165;86m▀[38;2;181;152;82;48;2;19;48;81m▙[38;2;19;48;81;48;2;143;127;80m▀[48;2;74;70;53m▀[0m[38;2;20;39;64m▀[38;2;23;33;51m▀[38;2;21;35;56;48;2;14;21;34m▜[38;2;65;76;74;48;2;18;44;75m▕[38;2;238;203;89;48;2;72;83;79m▀[38;2;36;65;83;48;2;199;172;81m▟[0m            [0m
                        [38;2;105;45;33m▕[38;2;129;57;45;48;2;130;57;45m▛[38;2;128;57;45m▀[38;2;205;170;88;48;2;136;84;51m▐[38;2;184;153;77;48;2;78;65;31m▛[0m[7m[38;2;203;169;83m▟[0m[38;2;86;71;33m▔[0m    [38;2;11;19;29m▀[38;2;18;42;64m▀[38;2;16;47;70m▀[0m            [0m
                       [38;2;98;78;47m▕[38;2;152;121;73;48;2;130;101;60m▙[38;2;127;56;44;48;2;134;84;55m▀[38;2;129;57;45;48;2;146;103;63m▀[0m[7m[38;2;138;99;55m▐[0m                      [0m
                        [38;2;103;88;66;48;2;48;41;31m▐[38;2;161;128;78;48;2;42;46;54m▀[38;2;162;130;78;48;2;48;41;30m▀[0m[38;2;120;96;55m▀[0m                      [0m
                       [38;2;12;16;27m▕[38;2;23;33;52;48;2;21;30;47m▟[0m[38;2;18;28;40m▛[0m                        [0m
                       [38;2;20;30;45m▟[38;2;12;18;29m▛[0m                         [0m
                      [38;2;17;27;38m▐[38;2;21;35;47;48;2;23;34;53m▕[0m                          [0m
                      [38;2;51;27;25m▐[38;2;94;48;41;48;2;85;43;36m▜[38;2;95;47;40;48;2;49;25;21m▙[0m[7m[38;2;73;36;30m▜[0m                        [0m
[?25h